Final picture of the main memory.

offset | W | time_signature

910      0   131355
110      1   160255
FD0      0   131236
490      0   130847
FD0      0   130118
FB8      0   167478
458      0   129919
FF8      1   168748
FD8      0   154558
 98      0   128916
658      0   128896
C98      0   152176
F10      0   128866
FF0      0   152237
F30      0   128736
F58      0   128645
FF8      0   167515
378      0   127896
D70      0   127409
F18      0   127208
C90      0   127168
DD0      0   150517
830      0   127315
310      0   126838
F30      0   126617
F10      0   149685
ED0      0   150156
F30      0   149555
EC8      0   150139
D30      0   126337
F30      0   126599
538      0   150057
F70      0   149755
FD8      0   150145
AD8      0   150168
E70      0   126178
FF0      0   175729
F90      0   149489
E50      0   125997
FD0      0   150235
878      0   150269
638      1   150176
F98      0   150667
C78      0   125846
C30      0   125836
D30      0   149149
E30      0   127146
F90      0   149197
E50      0   149137
C78      0   150785
DE0      0   150756
E30      0   150776
D30      0   150628
CA8      0   150796
F70      0   125458
D88      0   150828
C78      0   173216
EF8      0   174676
FF0      0   124878
1C0      0   124829
F90      0   173289
E70      0   147418
DB0      0   147538
C18      0   124677
A10      0   124005
F98      0   123646
1F8      0   122356
E30      0   122277
F98      0   121748
538      1   134588
1B8      0   120438
E30      0   118755
ED8      0   118568
FB0      0   117296
E10      0   116119
A70      0   115957
230      0   175119
F10      1   147116
F50      1   113209
F10      0   162625
E10      0   111076
F98      1   110505
F30      0   110309
6F8      1   159237
E90      0   109857
FB0      0   109575
AF8      1   109437
FF8      0   131839
598      1   142396
FF8      1   130536
FF8      1   168838
FB0      1   108659
630      0   108648
FD8      0   107997
C10      0   107955
FD0      0   126239
FB0      0   106886
FD8      0   106198
1B8      1   116909
FD8      0   103786
718      1   164247
370      0   168108
F98      0   102287
230      1   100335
F98      1   120939
FB0      0   99509
FF8      0   169186
F98      0   99437
E10      0   96945
FF8      0   97078
E10      0   96907
CD0      0   96487
F78      1   174896
FB8      0   95728
FF8      0   151709
5D8      1   148328
630      1   149537
F18      1   92835
E18      0   111216
F18      1   164256
838      0   90906
FF8      0   156348
1D8      0   90495
FD8      0   158669
FB0      0   158199
FB0      0   120597
E18      0   119685
830      0   87256
FF8      0   93979
DD8      0   115089
E10      0   118567
E30      0   86799
F18      1   175487
768      1   174517
FB8      0   142298
F98      0   84986
1B8      0   84687
FC0      0   147596
F50      0   151826
F58      0   82726
870      0   82486
C70      0   149348
F18      0   81558
E10      0   81536
F58      0   81646
620      0   81497
  8      1   81557
F30      1   81057
530      1   81079
F90      0   79317
C10      0   81516
E38      0   81576
448      0   150637
478      0   150786
 10      0   79118
C90      0   149366
D88      0   150826
D90      0   162155
1B8      1   145985
150      0   78648
870      0   119417
F98      0   169638
EF8      0   140009
FB8      1   137197
F90      0   76956
FB0      1   171737
F98      0   75817
658      0   75955
E90      1   170019
D78      0   138525
F30      0   137179
F18      1   145628
FB0      0   169948
FF8      0   74517
F30      0   74349
D30      0   135469
758      1   73835
FB0      0   157919
1B8      1   73717
F58      0   73376
F70      1   72865
F98      1   72768
130      0   72387
E18      0   71639
B58      0   94357
F18      0   171089
E10      0   70076
CD0      0   70065
FF8      0   98415
FD0      0   69867
378      0   69559
FB8      1   68897
FB0      0   73486
150      0   68749
F98      0   95596
A18      0   87015
E10      0   101937
F78      0   119895
FD0      1   111418
870      0   122287
7F0      0   65316
210      0   65087
F50      1   155246
698      1   172228
F38      0   123726
870      0   117556
C38      0   97446
F58      0   123298
E18      0   101247
F98      0   62576
4D0      0   62556
E10      0   62459
E18      0   115239
F38      1   147216
 58      1   161706
F58      0   116308
718      1   69726
F30      0   176067
FF0      0   61715
FB8      0   100365
EB0      0   134146
8F0      1   60957
D90      0   167979
C10      0   142216
FD8      1   65785
FB0      0   146165
F58      1   161647
DD0      0   121849
A30      0   90787
FF0      0   101129
F38      1   149057
D18      0   119389
F90      0   173369
CF8      0   123087
7F0      0   58865
E10      0   58859
F50      0   150355
F70      0   119709
E10      0   58578
F50      1   167775
ED0      0   123586
F78      0   123496
 C8      0   123605
480      0   123456
F90      0   106095
E18      0   123459
E10      0   121897
B80      0   123566
C28      0   161735
C20      0   161756
F90      0   147215
4D0      0   58005
230      1   175617
FF0      0   164289
FF8      0   162525
ED0      0   162295
E70      0   106437
878      0   123575
FD0      0   173878
180      0   147217
8C0      0   147196
FD0      0   169486
E18      0   146907
FD8      0   146737
FD8      0   173157
E50      0   172899
1D8      0   56647
910      0   150918
F58      1   61716
358      0   56389
D58      0   90148
FF0      0   176039
FB8      0   168036
FB8      1   56197
298      0   175529
FB8      1   105859
E98      0   175009
F78      0   56786
F98      0   55359
FB0      0   172657
378      0   55325
1F8      0   173058
F70      0   55278
FF0      0   144225
2A8      0   175538
FB0      0   54419
D90      0   54339
9F8      1   52509
578      1   172016
F10      0   148398
FB0      0   172715
EF0      0   172857
F28      0   172966
320      0   169297
F18      0   168215
B58      0   153235
190      0   51458
DB0      0   169108
F78      0   171979
F10      0   51169
F90      0   158825
F90      0   51046
FD0      0   162706
318      0   51686
1D0      0   50389
1B8      1   174437
EB8      0   50197
318      0   51558
FF8      1   160458
FF8      0   151039
F18      0   169277
D78      0   172475
D88      0   172487
FD0      0   162837
FB0      0   100136
F78      0   49388
ED8      0   175185
1D0      1   158578
FF8      0   175157
F78      0   48807
F78      0   162135
FB0      0   175315
118      0   133865
D50      0   176078
4E0      0   176017
F50      1   133438
F10      1   147019
FB8      0   47079
258      0   46895
CF8      0   168828
FB0      0   153776
D90      0   46377
F98      0   143966
9D0      0   46308
E10      0   155726
FD8      1   45585
750      0   108337
D38      0   140258
F90      0   108529
650      1   44508
E18      0   44126
FD0      0   77196
F30      0   162728
F98      0   43325
F38      0   128625
FB8      0   130016
EF0      0   164349
1B0      1   174448
FF8      0   175156
FF0      0   42998
E50      0   147177
F10      0   159245
310      0   164345
328      0   169298
 58      1   42735
C50      0   167125
E90      0   175868
110      0   177897
CD0      0   41568
3D8      0   40598
CF8      0   40587
558      0   40279
B58      0   163069
 20      0   168868
130      0   39479
D98      0   39219
FB0      1   80736
F58      1   38917
258      0   38677
CC8      1   42368
FF8      0   37776
 10      0   166265
 10      0   37267
C50      0   153477
D78      0   54239
FD0      0   36285
FF0      1   36049
870      0   82926
F38      1   149118
FD0      1   176408
ED0      0   151805
F78      0   168645
FA8      0   169078
D98      0   54177
F90      0   33629
F58      1   33555
C08      1   166866
FB0      1   165758
178      0   32526
F10      1   77316
278      0   112157
F10      0   153335
D80      0   169089
C50      0   169265
130      0   31284
D20      0   31234
C18      0   30848
F70      1   174546
2F8      1   30305
820      1   33925
C40      0   52477
F98      1   124899
FF8      0   28958
C78      0   28856
590      0   169207
F38      0   54707
FD0      0   31409
 D8      1   177867
838      0   32975
F30      1   27437
230      0   176925
FB8      1   126078
A78      0   169178
F90      0   168497
C28      0   162719
 58      1   25929
D38      1   52385
E10      0   80879
F78      1   25377
A90      0   151556
221      0   99526
200      0   24036
D30      0   23678
C30      0   176185
F10      0   174777
 10      0   23126
FF0      0   157169
 D0      0   157215
4B8      0   23047
D70      0   157217
DB0      0   157226
478      0   155969
EF0      0   161196
 50      0   132557
FF0      0   168405
118      1   156715
ED8      0   161125
FF8      0   168415
 20      0   168475
 70      0   166277
F98      0   22075
AF8      1   21916
F90      0   80995
FD0      1   164917
 70      0   21525
FD0      0   171949
4F8      0   76048
5F8      1   177636
E20      1   28369
B30      1   21908
558      0   20707
598      0   20375
130      0   25068
FF8      0   161359
 50      1   154116
E70      0   168457
FF8      0   168396
480      0   168469
E28      0   169249
290      0   169228
FF0      0   169208
D90      0   18838
CC8      0   164666
F58      0   177487
2E0      1   31149
F90      0   17828
C50      1   17387
D10      0   40726
E10      0   176615
DF8      1   37567
D38      0   176237
FB0      1   167956
E10      0   169139
ED0      0   169258
6C0      0   169257
AF0      1   16218
D90      1   166777
D90      0   16018
110      0   19235
E48      1   177775
F58      1   24348
5A0      0   173590
F30      0   177438
 B8      0   15246
EB0      0   15245
6E0      0   177508
BF0      0   177188
 90      0   28782
F10      1   176648
F30      0   14896
FB8      1   14567
D50      0   45675
FD0      0   14339
258      0   28372
F58      0   14059
E80      0   27913
FB8      1   14445
FF0      0   13626
648      0   27971
E18      1   141048
130      1   29327
650      1   139115
DD0      1   13282
F50      0   140715
650      0   107825
 28      0   27030
C40      0   169676
D58      0   169578
948      0   28231
F90      1   177108
FF0      0   12127
EE8      0   26372
FF8      1   171805
ED0      0   138985
F58      0   171735
CD0      0   26242
A58      0   28424
120      0   175078
FD0      1   171696
D58      0   171508
F90      0   171426
6B0      0   170095
FD8      1   139829
FE0      0   108898
BF0      0   171797
570      0   25841
E60      0   170667
110      0   176768
A70      0   28824
FF0      0   10919
FF8      0   171606
EF0      0   75378
E50      0   28924
D50      0   171227
EF8      0   170287
160      0   171747
 10      0   48895
C10      0   10555
EB0      0   108705
D70      0   171736
D60      0   170039
  8      1   171708
F30      0   171425
BF0      0   171686
168      0   170348
FB8      0   171638
FD0      0   171667
F40      0   171759
D40      0   171498
C18      1   171705
4F0      0   171768
928      0   169799
DB8      0   169657
5A8      0   94662
FF8      0   170829
D98      0   10009
D10      0   169768
F30      1   167078
228      0   93804
 90      1   176808
D60      0   176647
3E8      0   176627
760      0   94710
210      0   177838
1C8      0   16361
808      0   177987
 40      1   139212
1E0      1   9514
 10      0   22425
B10      0   176858
230      0   31898
500      1   9361
960      1   9181
908      1   137263
CE0      1   172930
180      1   9150
960      0   176267
 10      0   145105
130      0   175087
 20      0   9106
C18      0   9105
7A0      1   9111
F80      0   148916
998      1   175577
ED0      0   9067
ED0      0   9058
120      1   9003
F80      1   8983
600      1   8953
FE0      1   8954
130      1   177877
 38      1   137081
D40      1   8900
870      0   171847
F98      0   167325
EE0      1   8910
F80      1   8840
A28      1   8828
D60      1   8684
FA0      1   8650
F80      1   8644
C08      1   28173
4A0      1   8614
560      1   8620
A80      1   8580
6A0      1   8560
CD8      1   177068
A10      0   8538
610      0   8805
E58      0   8865
658      0   8858
DF8      0   8549
A20      1   177872
 78      1   28901
CF0      0   171948
 F8      0   171965
6A0      1   8411
800      1   25773
FD0      0   8187
F18      0   166686
 C0      1   7974
6C0      0   7846
200      1   7671
 C8      0   8225
688      0   8779
F50      1   163899
C78      0   7558
598      0   76068
5A0      1   7460
F38      1   107298
360      1   7423
D58      1   164859
FF8      0   177957
C68      0   177978
F98      1   29820
BE0      1   7241
FD0      1   177935
F18      0   7188
DB0      0   165017
F78      0   42545
DD0      0   52375
  0      1   137074
FE0      1   7362
F30      1   167159
340      1   30001
FE0      1   7033
 38      1   137243
EE8      1   28312
 70      1   176298
3B8      1   7506
368      0   170655
 C0      1   6451
FE0      1   6703
C10      0   176399
430      0   176417
FD8      1   176308
FF8      0   8478
F10      0   137028
AE0      0   171819
C18      0   176405
1B8      1   25764
FE0      1   6433
AE8      0   177998
C90      0   166617
920      0   177919
F30      0   53525
F78      1   177505
F50      1   140926
C10      0   177006
310      1   163249
3B8      0   5766
F30      1   5689
540      1   5661
F30      1   171767
 60      1   5572
F30      0   6336
FF0      0   5536
FD0      0   176828
F90      0   176919
F90      1   177179
FB0      1   171517
4B0      0   5387
FD8      0   176825
230      0   176779
F80      0   164816
 10      0   174207
BD8      0   177905
EC8      0   8726
F28      0   8247
 10      0   58089
F10      1   177239
CA8      0   8485
C70      1   177939
 78      0   170696
E30      0   174666
F30      1   165977
F00      1   5099
F40      1   5118
FD0      1   149525
B98      1   177488
A20      1   5009
E10      1   120316
4E0      1   4977
F50      1   175665
EE0      1   4895
DA0      1   4875
F30      0   29382
800      1   28184
1B8      0   4801
618      1   148796
140      0   4784
860      1   4785
800      1   4778
F40      1   4806
C80      0   4782
F58      0   4764
1C8      0   4762
E80      0   4761
6E0      0   4752
F20      1   4736
FA0      1   4719
180      0   4710
F40      1   4709
E58      0   4792
480      1   4698
440      1   4696
C00      1   9082
CE0      0   4824
640      0   4712
F00      1   4667
2E0      1   9161
EA0      0   4830
1A0      1   4645
460      1   8652
 F0      0   4803
E80      0   4640
FF8      0   4633
C08      1   29901
2E8      0   4624
180      1   25753
800      1   7173
430      1   176145
 90      1   25923
F60      1   4599
4F8      0   28890
 78      1   28521
358      0   4603
D40      1   4569
850      0   27064
DB0      0   28204
DD0      1   139595
 80      1   9144
 C0      1   30531
D28      0   4502
F60      1   4495
2F8      1   177383
B88      1   28101
CB0      1   177668
E08      0   177981
DA0      0   4493
920      1   4475
900      1   4469
498      0   172092
860      1   4466
B40      1   4528
FC0      1   4449
780      1   4446
280      0   4412
F38      1   159073
118      1   158934
260      1   4405
D00      1   7904
558      1   159063
6A0      1   8844
780      1   8891
800      0   4374
FB0      1   177786
C00      1   4286
AC0      1   4267
B80      1   4278
7C0      1   4208
6A0      1   4178
 40      0   4171
828      1   172832
CE8      0   172592
E48      0   172560
FB8      1   172829
F00      1   4117
6B0      0   172523
B08      0   172491
2F0      0   172454
C88      0   172422
600      1   4157
 50      1   173142
3B0      1   173319
1F8      0   172661
E38      1   27407
658      1   172240
 F0      0   177444
580      1   173034
400      1   177793
F20      1   8834
AA0      1   177993
FE0      1   4848
 38      1   177894
540      1   4039
C00      1   4015
B48      0   177994
E80      1   3966
A38      1   19039
D68      1   80505
CC8      0   173744
220      1   177890
1E0      0   173481
8E0      1   3878
860      1   3875
820      1   3866
680      1   3825
230      0   154354
E20      1   3807
 A8      1   173473
7A0      1   3849
FB0      1   95196
F50      1   175669
F18      0   152093
F40      1   3707
578      0   166752
CC0      1   155513
EA0      1   3649
EC0      1   3638
1A0      1   150599
DE0      1   3616
1F8      1   173349
C40      1   3569
B20      1   3535
F20      1   3498
A00      1   3495
AC0      1   173492
 10      1   47276
240      0   145262
F88      0   144834
8C0      1   3456
FE0      1   8481
860      1   3448
FE0      1   3439
DE8      0   155330
7D8      1   53518
740      1   3406
C30      0   143992
EA0      1   3395
E20      1   3626
DC0      1   3375
500      1   3356
E80      1   3315
E20      1   3386
4A0      1   3349
240      1   3299
CB0      1   16206
FC0      1   3259
D00      1   4565
D80      1   3228
C80      1   3209
188      1   173484
FA0      1   3175
F70      0   172234
B60      1   3169
B20      1   3166
F00      1   3149
AE0      1   3148
F80      1   3775
F30      0   155293
A38      1   176359
228      0   173483
128      0   155333
220      1   175896
B48      0   173494
1D0      0   154404
FE8      0   139641
640      1   3086
888      0   139532
  8      1   155081
FF8      0   145291
FA0      1   8524
CA0      1   3045
5F8      1   139224
150      1   139252
E60      1   2996
220      1   2995
B08      1   177972
FC0      1   2958
F40      1   2957
9E0      1   7824
160      1   7660
EA0      1   2938
F00      1   2937
FE0      1   2936
FF0      1   139632
F60      1   2948
E40      1   2926
C98      1   177705
A18      1   125508
F98      1   153025
AD0      0   139703
CB0      0   177554
E50      1   177517
FF0      1   177436
F60      1   177991
F38      1   176509
250      0   136791
FF8      0   136783
4A0      0   136693
420      0   136664
4B8      1   136672
 90      1   175937
110      1   175627
F90      1   175797
FD8      1   175725
EF0      1   175616
DD8      1   174929
1D0      1   174766
170      1   7125
288      1   174866
DB0      1   174886
C18      1   174658
AE0      1   174955
AE0      1   174969
830      1   150707
7C0      1   175979
FE0      1   5135
F10      1   172778
DE0      1   5078
9A0      1   5005
D00      1   5059
DE0      1   5075
D30      1   24937
588      1   177819
6C0      1   4979
CF0      1   173985
AB8      1   177449
848      1   160155
E00      1   5079
E30      1   175956
1E0      1   4945
 20      1   4917
3E0      1   176089
FE0      1   4909
D00      1   4865
 10      1   173969
390      1   173621
  0      1   139081
F00      1   4898
FF8      1   175818
160      1   144430
F50      1   164119
F18      1   173849
E00      0   3373
750      1   173656
120      1   173867
FC0      1   8604
FA8      1   144091
FD0      1   173398
FE0      1   173429
F30      1   175059
F10      1   174139
160      0   144313
CF8      1   173325
FB0      1   175989
FF0      1   173035
FF0      1   173489
FD8      1   172686
CA0      1   5461
3C8      1   8028
F90      1   172635
F58      1   171846
E50      1   174689
258      1   7816
 60      1   177975
  0      1   81627
FD8      1   170877
F58      1   170486
D38      1   176658
630      1   170218
AA0      1   4518
FC0      1   4605
D70      1   169609
F30      1   100469
A00      1   4498
CD8      1   169518
8E0      1   4477
318      1   169109
D18      1   176418
F30      1   172685
F58      1   168359
620      1   7186
800      1   4455
CA0      1   4556
FD0      1   144280
568      1   90017
DF8      1   34167
D80      1   167376
D70      1   167348
318      1   176105
D68      1   167396
F90      1   80298
D78      1   166508
930      1   144282
FF8      0   144170
  0      0   144134
FB0      1   167196
CA0      1   54409
FE0      1   8300
DD0      1   176416
2A0      1   4067
A40      0   143801
E48      1   177879
F80      1   144383
FE0      1   4368
AB8      1   164006
898      0   144453
F10      1   163599
F20      0   141460
3A0      0   144343
2C0      1   4076
 10      1   166828
F90      0   144503
FE0      1   7961
 30      0   144521
1E0      1   144323
FF8      1   162605
EE0      1   4075
C58      1   144473
4A8      1   141293
EF0      1   162555
C20      1   173640
F60      1   4907
5A0      1   4145
E18      1   162475
FB0      1   162437
178      0   134174
9E0      1   4239
CD0      1   169467
4B0      1   147546
440      1   4128
EC0      1   4177
FB0      1   162358
A48      0   152411
CE0      1   4307
CF0      1   162339
C48      1   173166
CA8      1   53585
FC0      1   4328
 C0      1   4035
1B8      1   117758
CC0      1   169536
740      1   4195
F18      1   162279
E90      1   161797
EE0      1   3977
FD8      1   162397
FA0      1   3996
  0      1   7363
F90      1   177276
3E0      1   3766
D90      1   167098
368      0   152341
570      0   116050
F70      1   161636
F30      1   161499
C60      1   3925
FA0      1   3998
D30      1   24635
DA0      0   148064
A68      0   151964
E00      0   126162
FD0      1   160227
CC0      0   151551
740      1   3845
F50      1   161468
680      1   3818
640      1   3815
918      0   152372
370      1   160009
 50      1   160879
F58      1   163117
5F0      1   177727
5F8      1   177546
FD8      1   160495
550      0   149293
E38      1   159839
B40      1   3907
3A0      1   3749
A58      0   151431
C60      1   3868
 10      1   160269
F60      1   3995
 F8      1   7986
270      1   150146
550      0   149044
FA0      1   4006
 50      1   168409
F70      1   159718
9E0      1   28321
120      1   81535
368      1   150319
DC0      1   126099
D70      1   159686
3D8      0   152284
F70      1   168636
9A0      1   131564
D38      0   152453
E60      1   3628
F00      1   3657
748      0   152464
530      1   157448
730      0   126231
CE0      1   3597
250      1   39488
F50      0   112182
710      1   108185
F50      1   157019
F50      1   157009
D40      1   3598
E88      1   171451
478      1   156228
 10      1   81038
E30      1   150769
FC0      1   3669
FE0      1   5831
478      1   161487
110      1   155427
FF8      0   111433
740      1   3415
F18      1   169237
F58      1   155348
F90      1   168478
AF8      1   112322
F70      1   159319
FF0      1   157259
DA0      1   3479
358      1   153438
 90      1   153026
F58      1   177938
BD0      1   127032
DC0      1   3617
FA0      1   3666
758      0   110812
850      1   152545
B60      1   3528
 18      1   155449
FD8      1   174297
658      1   152258
820      1   175067
A20      1   3506
380      1   3329
FF8      1   176048
F70      1   151898
1A0      1   3296
 38      0   122572
CA0      1   3578
C90      1   150568
DA8      0   107510
160      1   3295
 A0      1   3277
3B0      0   152360
338      1   131194
740      1   177959
100      1   175907
 60      1   3275
 40      1   176687
FD8      1   138057
C90      1   150328
960      0   112160
CC0      1   3208
F30      1   150037
FF8      1   171798
F38      1   150035
390      0   122754
D90      1   149909
DF8      1   177585
320      0   152863
200      1   149888
460      1   173591
740      0   152972
F50      1   149887
2E0      0   131522
D38      1   149738
818      1   136394
AE0      1   3145
DB0      0   155503
FA0      1   3019
FE0      1   6114
A28      1   8838
348      1   150108
598      1   177555
F38      1   177567
D20      1   3218
D30      1   149717
F70      1   168738
540      1   3076
888      0   127950
520      1   3066
BD0      0   155102
E10      0   131773
F60      1   3258
CF0      1   149658
4E0      1   3057
780      1   3095
260      1   85669
ED8      1   149436
4E0      1   3067
3C0      1   3027
160      0   136443
FB0      1   149338
FB0      1   143747
DA8      1   136462
F40      1   8642
FF8      0   78283
2E0      1   3005
538      0   144684
1B8      0   112644
EA0      1   2998
1E0      1   2989
F10      1   164326
458      1   144560
FE0      1   3267
DB8      0   149215
948      0   177924
D18      1   149148
D90      1   25807
408      1   165199
260      0   136750
830      1   149018
318      1   136444
FD0      1   148327
128      0   95410
FF0      1   148285
C08      0   137364
FE0      1   7632
E50      1   177748
FD0      1   176009
520      0   137411
450      1   137372
5F8      1   173571
FF8      1   175736
EB8      1   148216
428      0   148448
D10      1   147986
E90      1   147457
3E0      0   28401
828      0   173333
610      1   147687
E98      1   147446
590      0   139291
E58      0   147358
F78      1   147389
1F8      1   137382
F38      1   137283
960      0   143724
  0      1   177765
F28      0   26960
E50      1   175978
C10      1   147305
9D8      1   175528
EB8      1   147187
178      1   146988
518      1   134766
F50      1   150086
  0      0   23852
EF0      1   175186
 D8      1   177778
708      1   176088
CD0      1   146876
F30      1   176367
 60      1   168399
 58      1   81559
120      1   177968
598      0   177886
F98      0   146789
F10      1   146549
4C0      0   6215
B60      1   5406
530      0   170587
EE0      1   173275
E40      1   4879
9D8      0   5355
FD0      1   167628
C08      1   162617
F78      0   165918
840      0   162659
138      0   6338
498      1   172555
F10      1   145006
FE0      0   8476
1E8      0   8488
FF8      1   148479
400      0   173046
FB8      0   143458
F48      1   80257
330      0   7246
4E8      1   173703
F60      1   4367
DB0      1   166626
2A0      0   7486
C60      0   171858
F80      1   3667
5B8      1   7036
2C8      1   7449
F40      1   2947
F80      1   2956
FF8      0   142959
FF0      0   163085
FE8      0   142682
FD8      1   176086
6E0      0   8867
FE0      1   5129
AB0      0   141918
F80      1   4359
BF8      0   144998
750      0   141689
CF0      1   174898
DE0      1   24170
D60      1   4329
970      1   176079
 60      1   150917
F10      1   176375
A20      1   177469
FA0      1   3257
1B8      0   9035
 20      1   93923
AF8      0   141259
FD0      1   158275
D80      1   136993
AD0      0   9089
810      1   139146
F90      1   140739
E30      0   172254
DA0      0   24464
 B8      0   24224
F40      1   3255
840      0   81639
FB0      1   139068
EE0      1   175429
CC8      1   138858
6E8      1   7438
880      1   27931
C48      1   177999
A78      0   143565
630      0   137938
D78      1   128085
1C0      1   175986
A60      1   3899
FF0      0   141518
5E8      1   177039
8E0      1   8674
FF0      0   24074
B48      0   8888
F78      0   140477
F10      0   136729
758      0   140336
388      0   24562
630      0   136565
C10      0   136509
D30      1   135996
220      1   175958
558      0   135169
F30      0   158679
D90      1   24522
110      0   133778
FB0      0   141388
FA0      1   3668
EB8      0   176365
A20      1   177977
4E8      0   24484
9C0      0   24513
 70      1   133708
310      0   154639
F70      1   152476
110      0   132625
1B0      1   175965
FC0      1   8190
F20      1   4906
A48      0   24594
988      1   24603
E18      0   177578
 50      1   132546
F60      1   3665
D18      1   66010
658      0   132347
C90      0   149108
7A0      1   162585
CD0      0   161915
3C8      1   173350
FA0      1   2955
DB0      0   81289
CE8      1   8067
F78      0   146758
E78      1   170685
 D8      0   136941
400      1   173500
208      1   29312
